1.65594 -2.53872 0.00284004
1.37734 -3.15128 0.00398779
1.1561 -3.77518 0.00227976
0.838998 -4.53754 0.00208378
0.595752 -5.16551 0.00266457
0.233449 -5.82236 0.00469112
-0.0686784 -6.48934 0.00522661
-0.253306 -7.15222 -0.00158978
-0.27323 -7.86429 -0.000455379
0.211114 -8.63155 0.000693798
1.0506 -9.27284 0.00260115
1.7997 -9.31948 0.00178003
2.45086 -9.04686 0.00112295
2.91018 -8.48091 0.00232267
3.20053 -7.77866 0.00213718
3.26645 -7.1056 0.00207853
3.39337 -6.45757 -0.000338078
3.70527 -5.92462 0.000427246
4.16762 -5.40882 0.00164461
4.7181 -5.02229 0.000959396
5.25944 -4.55994 0.00074482
5.60664 -3.97018 0.00133514
5.70584 -3.34822 -0.00103855
5.52373 -2.74271 -0.000690937
5.12307 -2.11473 0.00372601
4.52491 -1.6362 0.00136614
3.68844 -1.38031 0.00181198
2.96626 -1.42122 0.0036068
2.18785 -1.86459 0.141814
