15.7684 -0.606816 -0.001091
16.2686 -0.189867 0.00433731
16.7306 0.18585 0.00346375
17.2455 0.527964 0.00695992
17.761 0.894434 9.34601e-05
18.1711 1.21208 0.0007267
18.5665 1.616 0.00404167
18.8534 2.11797 0.000205994
18.9371 2.75514 -0.000537872
18.8244 3.33233 0.00158119
18.5687 3.77169 0.00164795
18.1502 4.16948 0.00185776
17.7092 4.35915 -0.000154495
17.0949 4.39371 -0.000602722
16.4579 4.21927 0.00279045
15.9164 3.71034 0.00522041
15.5189 3.23927 0.00263596
14.963 2.96158 0.00608635
14.3701 2.79043 0.00206947
13.8008 2.71152 0.00437927
13.2309 2.36452 -0.000640869
13.0389 1.79447 0.00304413
12.791 1.13208 -0.00140953
12.3625 0.628408 0.00451088
11.7319 0.344308 0.00147438
11.1929 0.0580977 0.00842285
10.9182 -0.460896 0.00786018
10.8531 -1.00518 0.00762558
11.1046 -1.59517 0.00785255
11.4889 -2.06919 0.00601768
12.0275 -2.42587 0.00750732
12.7746 -2.42674 -0.000112534
13.4001 -2.33487 -3.24249e-05
13.9639 -2.09908 0.00157928
14.4685 -1.79586 -0.000295639
14.9268 -1.41938 0.00414467
