9.840000 -4.500000  0.0
9.640000 -3.900000  0.0
9.340000 -3.300000  0.0
8.740000 -3.300000  0.0
7.790000 -4.050000  0.0
7.040000 -4.650000  0.0
6.090000 -5.300000  0.0
5.290000 -5.850000  0.0
4.540000 -6.400000  0.0
4.140000 -6.700000  0.0
3.590000 -7.100000  0.0
2.790000 -7.650000  0.0
2.190000 -8.400000  0.0
2.240000 -9.350000  0.0
2.440000 -10.300000 0.0
3.140000 -10.900000 0.0
3.840000 -10.950000 0.0
4.790000 -11.050000 0.0
5.490000 -11.050000 0.0
5.990000 -11.000000 0.0
6.690000 -10.900000 0.0
7.340000 -10.650000 0.0
7.740000 -10.350000 0.0
8.140000 -9.500000  0.0
8.240000 -8.750000  0.0
8.540000 -8.150000  0.0
8.990000 -7.600000  0.0
9.290000 -7.200000  0.0
9.590000 -6.600000  0.0
9.840000 -5.900000  0.0