1.26468 -0.226194 -0.00024128
2.38889 -0.303537 0.00179672
3.46387 -0.339885 0.00288582
4.46322 -0.406872 0.00479412
5.61943 -0.463405 0.00249386
6.61691 -0.484444 0.00155926
7.75948 -0.487183 -3.05176e-05
9.08428 -0.493069 0.00179958
10.1579 -0.451068 0.00110817
11.0654 -0.203398 0.00204563
11.8528 0.235358 0.000332832
12.538 0.702771 0.00192356
13.1006 1.35554 0.00135422
14.0285 2.10057 0.00490093
15.1121 2.54698 0.000246048
16.3728 2.98242 0.00189781
17.6187 3.43427 0.00216579
19.0848 4.04963 0.00096035
20.2464 4.57773 -0.000167847
21.0873 4.99385 0.00183487
22.1361 5.49828 0.00891685
22.9099 5.93125 -0.00391769
23.1412 6.57173 0.0045414
23.2515 7.28276 -0.00362015
23.3093 7.92644 0.00462151
23.3697 8.50478 0.00500107
23.2443 9.1632 -0.003582
23.3016 9.94772 0.00458908
23.3597 10.5603 0.00120926
23.1217 11.0941 0.000740051
23.1795 11.7773 -0.00261688
23.1169 12.3667 0.00075531
23.0024 12.8786 -0.00211143
22.5951 13.3734 0.00388718
21.9372 13.5017 -0.00632477
20.8005 13.4256 0.00479507
19.9326 13.3176 0.00123596
19.0348 13.2523 -0.001297
18.1165 13.1849 0.00408745
17.2421 13.084 0.00130081
16.4615 13.0227 -0.000767708
15.7331 13.0203 -0.00209522
14.9452 12.9288 0.00107765
14.206 12.8385 0.00437069
13.428 12.7756 0.000893593
12.5012 12.5651 0.00273991
12.1422 12.0489 0.00172043
12.0327 11.3424 -0.000552177
12.0096 10.5865 0.00248528
12.0953 9.72351 0.00111008
12.0709 8.81072 0.000966072
12.0462 8.09229 0.00139236
12.1051 7.27784 0.0021019
12.1906 6.45655 0.000635147
12.14 5.50838 0.00273991
12.1436 4.55474 0.00274181
12.1733 3.57695 -0.000257492
12.256 2.406 0.00322056
12.1044 1.60857 0.00417328
11.6554 0.75943 0.00131416
10.7559 0.370446 0.00128365
9.54487 0.297141 0.00372124
8.34115 0.210072 -0.000691414
6.98442 0.206223 0.00197887
5.52122 0.212696 0.000487328
4.23167 0.182413 -0.000573158
3.03708 0.285747 0.00743389
1.81435 0.260597 0.00221825
0.984859 0.249811 0.0057621
-0.0311184 0.239647 0.00357103
-1.00346 0.298821 0.000417233
-2.03584 0.277449 0.000667095
-2.9782 0.318565 0.00120831
-4.02481 0.349877 0.00117254
-5.00215 0.398389 0.00120831
-6.11431 0.475245 0.000514507
-7.42373 0.501296 0.00137091
-8.56604 0.542492 -0.00171709
-9.63719 0.573387 0.00360394
-10.8252 0.574348 -0.00135517
-11.9809 0.609807 0.00173426
-13.0069 0.641437 0.00134325
-14.2636 0.669676 -0.00137234
-15.6468 0.664416 0.00335979
-17.559 0.877595 0.00559235
-19.2199 0.891033 -0.00190544
-20.6027 0.997554 0.00426769
-21.995 1.06966 0.00582027
-23.3895 1.22255 0.0016408
-24.6924 1.29144 0.00208616
-25.8432 1.35174 0.00181341
-27.5138 1.5048 0.00203085
-28.7277 1.55952 0.000655174
-29.9389 1.66064 0.00388575
-31.2109 1.84922 -0.00113869
-32.3253 1.89826 0.00151587
-33.4782 2.07628 -0.0016408
-34.0155 2.58136 0.00103378
-34.85 3.22781 0.000387192
-35.7437 3.03189 -0.00031662
-36.3619 2.09862 0.000709057
-35.4573 1.32721 0.00185347
-33.6459 0.981163 0.00410843
-32.3849 0.851214 0.00609255
-31.11 0.69623 0.00458097
-29.683 0.545062 0.00266457
-28.131 0.482783 0.00151539
-26.6825 0.407431 0.00110006
-25.1023 0.354678 0.0010128
-23.2384 0.245759 -0.000335693
-22.0534 0.234137 0.000284195
-20.8748 0.220665 0.000897884
-19.3425 0.137664 0.00150299
-17.9914 0.0556163 0.000534534
-16.9795 0.00335769 0.00171471
-15.89 -0.0528895 0.00383282
-14.6786 -0.120324 0.000988007
-13.3764 -0.141127 -0.000356674
-12.0253 -0.169826 -0.000985622
-10.4289 -0.177492 0.00299168
-8.80772 -0.188436 0.00212669
-6.95129 -0.220579 0.000426292
-5.73746 -0.261623 0.00122309
-4.66241 -0.246049 0.00277758
-3.54066 -0.245182 0.00115442
-2.07266 -0.256929 -0.000967979
-0.540136 -0.126137 0.0014267
0.658926 -0.256635 0.000795364
