1.10765 0.210522 0.0057106
2.10031 0.456946 0.00353241
3.04314 0.717683 0.00349426
3.98949 1.01101 0.0014143
5.02134 1.30248 0.00342464
6.08268 1.52262 0.0064106
7.06593 1.7877 0.00383949
8.06627 2.05699 0.00277328
8.96323 2.32773 0.0051136
9.9761 2.5856 0.00485134
10.9202 2.8416 0.00482082
11.9489 3.10509 1.23978e-05
12.8218 3.34415 -0.000299454
13.752 3.62273 -0.0010252
14.7877 3.86648 0.000325203
15.7471 4.24797 0.00415897
16.6861 4.57655 -0.000782013
17.6046 5.02179 0.000972748
18.4641 5.44817 0.00341415
19.2875 5.95922 0.00461769
20.1547 6.42724 0.00257397
20.9837 6.93253 0.0041151
21.8138 7.46956 0.00640583
22.6103 7.95791 0.00489807
23.3612 8.71041 0.00506401
23.8104 9.85137 0.00613785
23.5944 11.2559 0.00524616
23.2666 12.5811 0.00540066
22.9694 13.771 0.00530624
22.6823 14.9796 0.00642586
22.4051 16.2227 0.00310135
22.0031 17.5215 0.0025301
21.7109 18.7004 0.0026207
21.3345 19.9724 0.00362206
20.9839 21.3728 0.00343227
20.4425 22.5575 0.0068655
19.8205 23.5454 0.00551987
19.0834 24.2043 0.00575733
18.2959 24.7737 0.00593948
17.2733 25.1829 0.00123405
16.3864 25.3632 0.00306797
15.535 25.484 0.000640869
14.654 25.5015 0.00557995
13.7489 25.4417 0.000939369
12.8556 25.4457 0.00458717
11.9429 25.3999 -0.000401497
11.1966 25.3854 0.00311089
10.3036 25.3418 -0.000190735
9.44099 25.3365 -0.00017643
8.54125 25.3572 0.00327492
7.74405 25.3428 0.00255585
6.97126 25.3549 -0.00157261
6.14859 25.3501 0.00177288
5.21866 25.2932 0.00709534
4.4158 25.2968 0.00627708
3.52907 25.2146 0.0026989
2.73413 25.2343 0.00287247
1.9593 25.2559 0.00475502
1.21639 25.2356 0.00244045
0.360637 25.1197 0.00672436
-0.369156 25.0835 0.00516987
-1.13727 25.1153 0.00183868
-1.97676 25.113 0.00383854
-2.76787 25.1124 0.00390911
-3.5808 25.0928 0.00177479
-4.38345 25.0768 0.000569344
-5.11291 25.0856 -2.67029e-05
-5.95864 25.0454 0.00067234
-6.62867 24.9808 0.00349522
-7.41257 24.9843 0.00425148
-8.17424 24.9377 -0.000164986
-8.86258 24.9604 0.00294209
-9.69055 24.9239 -0.000790596
-10.4557 24.9592 0.00218296
-11.2034 24.9852 0.000421524
-11.9096 25.0349 0.00260925
-12.668 25.0163 0.00502014
-13.3685 25.0287 0.00690937
-14.1751 25.0354 0.00584126
-14.9326 25.0117 0.00224972
-15.791 24.9842 0.00215149
-16.6498 24.9323 0.00750732
-17.4435 24.9172 0.00705814
-18.3292 24.8476 0.00383186
-19.0936 24.8073 0.00530434
-19.8969 24.7418 0.00302219
-20.7298 24.6566 0.00385189
-21.4875 24.5998 0.00553703
-22.1363 24.5003 0.00342083
-22.852 24.4109 0.00194359
-23.7274 24.223 0.00310135
-24.4908 23.9978 0.000831604
-25.05 23.7324 0.00297832
-25.8215 23.2971 0.00168419
-26.5408 22.9678 0.0069046
-27.3639 22.5367 0.00738811
-28.039 22.146 0.00304699
-28.7263 21.577 0.0059824
-29.3821 20.9881 0.00513649
-30.073 20.3195 0.00571156
-30.7092 19.7041 0.00594902
-31.2929 18.9402 0.00149441
-31.8445 18.0573 0.00322914
-32.4993 17.3465 0.0059309
-33.2135 16.9069 0.00331688
-33.9457 16.5697 0.00132275
-34.7245 16.2372 0.00154781
-35.4646 16.0175 0.0013237
-36.1549 15.9236 0.00186682
-36.868 15.8424 0.000762463
-37.593 15.9243 0.00205278
-38.3071 15.9926 0.0039649
-38.9698 16.1856 0.000756264
-39.6329 16.5056 0.000135899
-40.2159 16.8781 0.00128174
-40.8287 17.3856 0.00273132
-41.3542 18.1112 -0.00199986
-41.8354 18.9472 -0.000771046
-42.3365 19.8125 -0.000583172
-42.8759 20.7465 -0.0021615
-43.4031 21.6966 -0.00239515
-43.924 22.6554 -0.00192881
-44.3805 23.5021 0.00156927
-44.8728 24.3194 0.00149441
-45.3428 25.292 0.00647449
-45.806 26.1585 0.00384665
-46.3173 26.9789 0.00823975
-46.8386 28.0187 0.00436878
-47.4638 29.3864 0.00462294
-47.9152 30.8263 0.00286055
-48.1817 32.2284 0.00371313
-48.2413 33.7512 0.00629663
-48.1253 34.914 0.00407219
-47.7374 35.8964 0.00275564
-47.0654 36.4616 -0.00151968
-46.3501 36.9005 0.00117302
-45.6286 37.0941 -0.000701904
-44.912 37.2198 0.00160885
-44.1503 37.3416 0.00160217
-43.4006 37.4347 1.90735e-06
-42.641 37.4512 0.0036211
-41.8447 37.4086 0.003088
-41.048 37.3435 0.00212097
-40.2492 37.2083 0.005867
-39.5862 37.0905 0.00466919
-38.8204 36.9389 0.00533295
-38.0059 36.7877 0.00406742
-37.1892 36.6058 0.00234985
-36.4531 36.4355 0.00614071
-35.6676 36.2651 0.00207424
-34.9076 36.0931 0.00182819
-34.0316 36.0045 0.00696468
-33.1055 35.8724 0.00339985
-32.2409 35.8442 0.00285816
-31.3418 35.8121 0.00510788
-30.516 35.708 0.0057497
-29.6162 35.6752 0.00803661
-28.7455 35.6348 0.00176811
-27.8814 35.5988 0.00102234
-27.0592 35.6407 -0.00159264
-26.2492 35.7347 0.00182724
-25.4155 35.8328 0.00133133
-24.5038 35.9112 0.000926018
-23.6083 36.0461 0.000332832
-22.7904 36.2683 0.00108147
-21.975 36.4527 0.000842094
-21.1651 36.7729 0.00296211
-20.3524 37.0906 0.00525093
-19.5693 37.5311 0.00164223
-18.7465 37.925 0.0063467
-17.9598 38.3835 0.00341034
-17.1505 38.9106 0.00376225
-16.4491 39.4149 0.00664997
-15.7932 40.0795 0.00309086
-15.1421 40.9005 0.00236034
-14.4738 41.5575 0.00564861
-13.732 42.1981 0.00274086
-13.02 43.0212 0.00711346
-12.4584 44.0545 -0.00265121
-12.4867 45.3339 -0.00248623
-12.8629 46.7282 0.00105286
-13.5895 47.4339 -0.00284958
-14.3943 47.8101 0.00386906
-15.124 47.9284 0.00551796
-15.8704 47.9891 0.00458431
-16.5736 48.0486 0.00721931
-17.2255 48.0875 0.00771332
-17.8806 48.1015 0.00741386
-18.6833 48.1015 0.00653648
-19.3828 48.0884 0.00199318
-20.1553 48.0924 0.00370979
-20.8791 48.1287 0.00415134
-21.6141 48.1517 0.00338554
-22.2457 48.1546 0.00481701
-22.9073 48.1921 0.00446796
-23.5951 48.2098 0.00153923
-24.2136 48.2557 0.00494957
-24.9702 48.1971 0.000703812
-25.6724 48.2511 0.00330544
-26.397 48.2748 0.00341988
-27.0128 48.2566 -0.000255585
-27.6324 48.2867 0.00273418
-28.2417 48.3335 0.000944138
-28.9494 48.386 0.00305748
-29.5791 48.3871 -0.00136662
-30.3957 48.406 0.00296974
-31.063 48.4877 0.00305843
-31.8289 48.5352 0.000239372
-32.5745 48.5293 0.00398159
-33.2598 48.585 0.00802517
-34.0323 48.7052 0.00615788
-34.8016 48.865 0.00537109
-35.5807 48.9366 0.00194931
-36.4087 49.1274 0.00291061
-37.2082 49.2956 0.00577068
-37.8999 49.4429 0.00519657
-38.7009 49.6398 0.00254154
-39.5102 49.7535 0.00346375
-40.1966 49.8216 0.00169086
-40.8927 49.9411 0.00615025
-41.5825 50.147 0.000957489
-42.3042 50.3153 0.00431347
-43.1348 50.4524 0.00394917
-43.8081 50.5859 0.00461769
-44.5288 50.7302 0.00156212
-45.144 50.8755 0.00132084
-45.8292 50.9886 0.000573158
-46.537 51.1297 0.00450993
-47.1666 51.1883 0.00127172
-47.8385 51.3229 0.0020752
-48.4888 51.458 -0.00129604
-49.2207 51.6392 0.00245428
-50.0011 51.7889 0.000538826
-50.7225 51.9507 -0.00220871
-51.4403 52.044 0.00588942
-52.0859 52.1498 0.00828838
-52.7573 52.2626 0.0026989
-53.3877 52.4251 0.00753212
-54.1255 52.4978 0.00755882
-54.7711 52.7111 0.00619459
-55.3811 52.8173 0.00557756
-55.9888 52.9001 0.00465584
-56.6689 53.0366 0.00481653
-57.3338 53.0865 0.00445175
-58.0292 53.1739 0.00233412
-58.6468 53.2343 0.00611115
-59.3102 53.3044 0.000312805
-59.9272 53.364 0.0041213
-60.6098 53.3977 0.00195789
-61.3002 53.4124 0.00472879
-61.879 53.424 0.00474501
-62.5792 53.445 0.000844002
-63.2409 53.4988 0.000831604
-63.8819 53.5039 0.00152397
-64.4861 53.511 -0.000662327
-65.0629 53.4836 -0.00128794
-65.6668 53.5062 0.00284576
-66.3398 53.5293 0.00125647
-66.938 53.5306 -0.000555038
-67.5767 53.5296 0.000209808
-68.2191 53.5192 0.000464916
-68.8271 53.4851 -0.00289679
-69.4109 53.4963 0.00268078
-70.104 53.5029 0.00506306
-70.9625 53.4185 0.00378227
-71.6589 53.3866 0.00509596
-72.3551 53.3329 0.00596476
-73.0019 53.3892 0.00723648
-73.6331 53.4272 0.00344372
-74.2716 53.4378 0.00446033
-74.8507 53.2898 0.00713396
-75.3669 52.6779 0.00544739
-75.3378 51.7336 0.0062952
-75.0165 50.6415 0.00443888
-74.5546 49.6304 0.00396538
-74.0565 48.7784 0.00263739
-73.3349 47.9754 0.0032239
-72.6617 47.2918 0.00588655
-71.9941 46.7048 0.00520086
-71.3541 45.988 0.00670338
-70.6591 45.343 0.00261545
-69.8891 44.5792 0.00122547
-69.3306 43.9318 0.0030179
-68.6836 43.3977 0.000715256
-67.8943 42.6578 0.00370407
-67.1509 41.873 0.00282001
-66.3462 41.1658 0.00377178
-65.5717 40.3743 0.00211
-64.7392 39.4315 -0.00110769
-63.9978 38.6651 0.0044322
-63.3165 37.7733 0.00651884
-62.65 36.9321 0.0018692
-61.9412 36.075 0.00414944
-61.3166 35.0472 0.00300598
-60.6045 34.2351 0.00761223
-59.9596 33.1268 0.00694609
-59.2863 32.1723 -0.000869751
-58.6959 31.0542 0.000500679
-58.1386 29.9821 -0.0022521
-57.6358 29.045 0.00264072
-57.2139 28.0459 0.00282049
-56.6537 26.8451 0.00165653
-56.1818 25.8464 0.00470924
-55.7624 24.9741 0.00329494
-55.295 24.0203 0.00120687
-54.8745 22.9016 0.00257587
-54.4408 21.9011 0.00480461
-53.9149 20.8783 0.00441599
-53.4403 19.8843 0.00206947
-52.8895 18.9177 0.00225687
-52.3924 17.842 0.00119781
-51.8023 16.7564 0.00378036
-51.2549 15.6096 0.0024395
-50.6978 14.5821 0.00136852
-50.1679 13.6664 -0.000203133
-49.6778 12.718 0.00198078
-49.0958 11.6858 -0.000892639
-48.4742 10.6171 0.00189018
-47.8454 9.74755 0.00154495
-47.1443 8.81413 -0.000495911
-46.4803 7.88519 0.00314522
-45.8473 6.86969 0.00395107
-45.1283 5.87994 0.00292015
-44.4879 4.89761 0.0063343
-43.7502 3.92232 0.00313282
-43.0887 2.93658 0.00411415
-42.3643 1.93227 0.00348282
-41.7056 0.916576 0.00282097
-40.9816 -0.102844 0.00758171
-40.4538 -1.02851 0.00524902
-39.8511 -1.93142 0.00501919
-39.2601 -2.85923 0.00174046
-38.7289 -3.67839 -0.00193882
-38.0792 -4.59834 -0.000496864
-37.392 -5.53997 0.000718117
-36.8337 -6.50546 0.00226307
-36.2968 -7.43944 0.00122356
-35.5736 -8.32953 -0.00126171
-34.5984 -8.82735 0.00180626
-33.5102 -8.77477 0.00392151
-32.3151 -8.60919 0.00521469
-31.3282 -8.39246 0.00166893
-30.4232 -8.12916 0.00350189
-29.4593 -7.87769 -0.00278473
-28.5441 -7.60801 0.00111198
-27.6238 -7.40117 0.0035038
-26.6542 -7.12008 -0.000640869
-25.5956 -6.82067 0.0057373
-24.5829 -6.55118 0.00278473
-23.6589 -6.33694 0.00611305
-22.7424 -6.07802 0.00376892
-21.7502 -5.82628 0.00252151
-20.7961 -5.57913 0.000370026
-19.8296 -5.30579 0.00143623
-18.9259 -5.11291 0.000328064
-18.139 -4.91418 0.00111008
-17.2086 -4.71053 0.00516224
-16.458 -4.49051 0.00205898
-15.6278 -4.21688 0.00308132
-14.7331 -3.98214 0.00197983
-13.8856 -3.77391 0.00355148
-12.892 -3.55194 0.00746346
-11.9747 -3.30947 0.00463676
-10.9995 -3.03519 0.00122833
-10.2096 -2.75993 0.00120068
-9.42324 -2.5554 0.00385666
-8.67858 -2.35891 0.00482941
-7.99147 -2.19349 0.00039959
-7.21878 -2.01035 0.00584984
-6.58234 -1.79577 0.000350952
-5.928 -1.59631 0.00351715
-5.23849 -1.42865 0.0056591
-4.36462 -1.26186 0.00427532
-3.31728 -0.913978 0.0044632
-2.43275 -0.702739 0.000638962
-1.7277 -0.530684 -0.000337601
-0.996195 -0.332985 0.00439453
-0.103022 -0.0798041 0.0037365
